
  conformation  2                                                               

iqopt   irstrnt  ihfree     qwt
  1      1      1        0.000500

 rel.rms   dipole mom       Qxx      Qyy      Qzz
    0.05860   0.00000   0.00000   0.00000   0.00000

          Point charges before & after optimization
    NO   At.No.    q0           q(opt)   IVARY  d(rstr)/dq 
     1     6   0.000000      -0.402089    0    0.001207
     2     6   0.000000       0.639419    0    0.000773
     3     6   0.000000      -0.399164    0    0.001215
     4     6   0.000000      -0.027704    0    0.004819
     5     6   0.000000      -0.307277    0    0.001547
     6     6   0.000000      -0.000221    0    0.005000
     7     1   0.000000       0.171717    0    0.000000
     8     1   0.000000       0.132648    0    0.000000
     9     1   0.000000       0.162517    0    0.000000
    10     1   0.000000       0.144150    0    0.000000
    11     7   0.000000      -1.084719    0    0.000459
    12     1   0.000000       0.447745    0    0.000000
    13     1   0.000000       0.477394    0    0.000000
    14     6   0.000000       0.698552    0    0.000709
    15     6   0.000000      -0.323408    0    0.001477
    16     1   0.000000       0.100131    0    0.000000
    17     1   0.000000       0.107661    0    0.000000
    18     6   0.000000       0.028460    0    0.004809
    19     1   0.000000       0.144967    0    0.000000
    20     6   0.000000       0.959105    0    0.000519
    21     7   0.000000      -0.658255    0    0.000751
    22     1   0.000000       0.361194    0    0.000000
    23     8   0.000000      -0.582096    0    0.000847
    24     8   0.000000      -0.569205    0    0.000865
    25     6   0.000000       0.920840    0    0.000540
    26     6   0.000000       0.837474    0    0.000593
    27     8   0.000000      -0.613106    0    0.000805
    28     8   0.000000      -0.540933    0    0.000909
    29     6   0.000000       0.140278    0    0.002902
    30     1   0.000000       0.138443    0    0.000000
    31     1   0.000000       0.195252    0    0.000000
    32     1   0.000000      -0.475292    0    0.000000
    33     6   0.000000       0.141080    0    0.002891
    34     1   0.000000       0.114268    0    0.000000
    35     1   0.000000       0.146827    0    0.000000
    36     1   0.000000      -0.633137    0    0.000000
    37     7   0.000000      -1.002853    0    0.000496
    38     1   0.000000       0.409339    0    0.000000
    39     6   0.000000      -0.409038    0    0.001187
    40     6   0.000000       0.654658    0    0.000755
    41     6   0.000000      -0.335603    0    0.001428
    42     6   0.000000      -0.061728    0    0.004255
    43     6   0.000000      -0.291713    0    0.001621
    44     6   0.000000      -0.008085    0    0.004984
    45     1   0.000000       0.174409    0    0.000000
    46     1   0.000000       0.136493    0    0.000000
    47     1   0.000000       0.159367    0    0.000000
    48     1   0.000000       0.146286    0    0.000000
    49     7   0.000000      -1.099462    0    0.000453
    50     1   0.000000       0.451077    0    0.000000
    51     1   0.000000       0.486894    0    0.000000
    52     6   0.000000       0.554423    0    0.000887
    53     6   0.000000      -0.174943    0    0.002481
    54     1   0.000000       0.072675    0    0.000000
    55     1   0.000000       0.108217    0    0.000000
    56     6   0.000000       0.025740    0    0.004842
    57     1   0.000000       0.122011    0    0.000000
    58     6   0.000000       1.019371    0    0.000488
    59     7   0.000000      -0.723042    0    0.000685
    60     1   0.000000       0.339581    0    0.000000
    61     8   0.000000      -0.572300    0    0.000861
    62     8   0.000000      -0.519087    0    0.000946
    63     6   0.000000       0.859014    0    0.000578
    64     6   0.000000       0.909079    0    0.000547
    65     8   0.000000      -0.633412    0    0.000780
    66     6   0.000000      -0.579132    0    0.000851
    67     1   0.000000      -0.551092    0    0.000000
    68     1   0.000000       0.138884    0    0.000000
    69     1   0.000000       0.150602    0    0.000000
    70     6   0.000000       0.174562    0    0.002485
    71     1   0.000000      -0.531547    0    0.000000
    72     1   0.000000       0.145185    0    0.000000
    73     1   0.000000       0.146450    0    0.000000
    74     8   0.000000       0.152220    0    0.002745
    75     7   0.000000      -1.029693    0    0.000483
    76     1   0.000000       0.392680    0    0.000000

        Statistics of the fitting:
  The initial sum of squares (ssvpot)                      8.305
  The residual sum of squares (chipot)                     0.029
  The std err of estimate (sqrt(chipot/N))               0.00168
  ESP relative RMS (SQRT(chipot/ssvpot))                 0.05860
