 -0.402089  0.639419 -0.399164 -0.027704 -0.307277 -0.000221  0.171717  0.132648
  0.162517  0.144150 -1.084719  0.447745  0.477394  0.698552 -0.323408  0.100131
  0.107661  0.028460  0.144967  0.959105 -0.658255  0.361194 -0.582096 -0.569205
  0.920840  0.837474 -0.613106 -0.540933  0.140278  0.138443  0.195252 -0.475292
  0.141080  0.114268  0.146827 -0.633137 -1.002853  0.409339 -0.409038  0.654658
 -0.335603 -0.061728 -0.291713 -0.008085  0.174409  0.136493  0.159367  0.146286
 -1.099462  0.451077  0.486894  0.554423 -0.174943  0.072675  0.108217  0.025740
  0.122011  1.019371 -0.723042  0.339581 -0.572300 -0.519087  0.859014  0.909079
 -0.633412 -0.579132 -0.551092  0.138884  0.150602  0.174562 -0.531547  0.145185
  0.146450  0.152220 -1.029693  0.392680
