#Atom       AtomicFlx
   5.000       1.5632
  15.000       0.9258
  40.000       0.6690
  46.000       0.6593
  66.000       0.6874
  76.000       0.6761
  93.000       0.6919
 112.000       0.7235
 126.000       0.8146
 145.000       1.0290
 159.000       1.3048
 169.000       1.5384
 183.000       1.3848
 195.000       1.2200
 222.000       1.3407
 228.000       1.5774
 239.000       1.5182
 246.000       1.1713
 257.000       1.1730
 274.000       0.9398
 296.000       0.8378
 312.000       0.7559
 323.000       0.7933
 342.000       0.9427
 353.000       0.9660
 364.000       0.8520
 388.000       0.8441
 409.000       0.8696
 426.000       0.9063
 438.000       0.9389
 462.000       0.8988
 469.000       0.7828
 493.000       0.7312
 503.000       0.7542
 525.000       0.7708
 544.000       0.7684
 555.000       0.8339
 569.000       0.8120
 586.000       0.9811
 600.000       0.9610
 620.000       1.0780
 631.000       1.3094
 645.000       1.2013
 652.000       0.9009
 674.000       0.8327
 693.000       0.8381
 712.000       0.7492
 728.000       0.7740
 742.000       0.7401
 759.000       0.7004
 771.000       0.6545
 778.000       0.5546
 798.000       0.5334
 819.000       0.4750
 840.000       0.4921
 859.000       0.4908
 880.000       0.5266
 890.000       0.5195
 904.000       0.5720
 923.000       0.5803
 934.000       0.6105
 954.000       0.7023
 978.000       0.8337
 995.000       1.1079
1013.000       1.7850
1028.000       3.8421
1042.000       4.0540
1053.000       4.0387
1060.000       3.6286
1072.000       2.4799
1091.000       2.4538
1101.000       1.5072
1115.000       1.0722
1130.000       0.8774
1151.000       0.6569
1170.000       0.6003
1187.000       0.5613
1206.000       0.6184
1223.000       0.6144
1239.000       0.5763
1260.000       0.6210
1276.000       0.6838
1290.000       0.7436
1312.000       0.8831
1326.000       1.6393
1337.000       2.3155
1356.000       2.0010
1378.000       1.9526
1405.000       1.7967
1411.000       1.6399
1422.000       1.3610
1433.000       0.8145
1450.000       0.5876
1464.000       0.5040
1483.000       0.4555
1500.000       0.4897
1522.000       0.5054
1529.000       0.5137
1536.000       0.4188
1547.000       0.4580
1561.000       0.5984
1583.000       0.7989
1604.000       0.8128
1628.000       1.2787
1639.000       1.5859
1646.000       1.8217
1660.000       1.2319
1671.000       1.1370
1686.000       0.8834
1706.000       0.7246
1723.000       0.6397
1743.000       0.5504
1764.000       0.5027
1775.000       0.5028
1794.000       0.4552
1808.000       0.4628
1824.000       0.4830
1831.000       0.4940
1838.000       0.4976
1858.000       0.5136
1878.000       0.6304
1900.000       0.6506
1919.000       0.7212
1943.000       0.7854
1954.000       0.8685
1961.000       0.7753
1976.000       0.8479
1991.000       0.7835
2010.000       0.8365
2021.000       0.6849
2040.000       0.6409
2055.000       0.6279
2071.000       0.6705
2082.000       0.7727
2104.000       0.8346
2110.000       0.8751
2121.000       0.7101
2140.000       0.7005
2159.000       0.6752
2179.000       0.7898
2185.000       0.7148
2197.000       0.6954
2214.000       0.6482
2226.000       0.6404
2236.000       0.6237
2250.000       0.5744
2271.000       0.5894
2291.000       0.5734
2298.000       0.5695
2308.000       0.5664
2328.000       0.5712
2350.000       0.6456
2366.000       0.6734
2390.000       0.7625
2402.000       1.0164
2421.000       1.6896
2436.000       1.3256
2446.000       0.7917
2471.000       0.6123
2477.000       0.5750
2497.000       0.5665
2507.000       0.5464
2524.000       0.5913
2543.000       0.6104
2557.000       0.6832
2576.000       0.8274
2590.000       1.4890
2600.000       1.5720
2614.000       1.4179
2626.000       1.2058
2653.000       1.2649
2659.000       1.5364
2670.000       1.6561
2677.000       1.4915
2688.000       1.2992
2705.000       1.0760
2727.000       0.9080
2743.000       0.8069
2754.000       0.8077
2773.000       0.8575
2784.000       0.8913
2795.000       0.7439
2819.000       0.7390
2840.000       0.7805
2857.000       0.9034
2869.000       0.9545
2893.000       1.1329
2900.000       1.0567
2924.000       0.6654
2934.000       0.6640
2956.000       0.6542
2975.000       0.6534
2986.000       0.7001
3000.000       0.7523
3017.000       0.8002
3031.000       0.8291
3051.000       0.9446
3062.000       1.2055
3076.000       1.0754
3083.000       0.8150
3105.000       0.6988
3124.000       0.7207
3143.000       0.7331
3159.000       0.8072
3173.000       0.8356
3190.000       0.8297
3202.000       0.8073
3209.000       0.6626
3229.000       0.5884
3250.000       0.5079
3271.000       0.5011
3290.000       0.4800
3311.000       0.4839
3321.000       0.4776
3335.000       0.5302
3354.000       0.5237
3365.000       0.5651
3385.000       0.6755
3409.000       0.8493
3426.000       1.1424
3444.000       1.7529
3459.000       2.5300
3473.000       2.4043
3484.000       2.7328
3491.000       2.6409
3503.000       1.9506
3522.000       2.1431
3532.000       1.6464
3546.000       1.6514
3561.000       1.3063
3582.000       0.9618
3601.000       0.7420
3618.000       0.6514
3637.000       0.6458
3654.000       0.5982
3670.000       0.6263
3691.000       0.6135
3707.000       0.7551
3721.000       0.7641
3743.000       0.8328
3757.000       0.9759
3768.000       1.1614
3787.000       1.4492
3809.000       1.3714
3836.000       1.3861
3842.000       1.2579
3853.000       1.0565
3864.000       0.8153
3881.000       0.6983
3895.000       0.6456
3914.000       0.5740
3931.000       0.5735
3953.000       0.5580
3960.000       0.5971
3967.000       0.5889
3978.000       0.6651
3992.000       0.8791
4014.000       1.1381
4035.000       1.5430
4059.000       1.8568
4070.000       1.6649
4077.000       1.8680
4091.000       1.6983
4102.000       1.1842
4117.000       0.9820
4137.000       0.6742
4154.000       0.5421
4174.000       0.4759
4195.000       0.4821
4206.000       0.4923
4225.000       0.4680
4239.000       0.4766
4255.000       0.5224
4262.000       0.5613
4269.000       0.5777
4289.000       0.6375
4309.000       0.7382
4331.000       0.7528
4350.000       0.8281
4374.000       0.8488
4385.000       0.8613
4392.000       0.7533
4407.000       0.7365
4422.000       0.6708
4441.000       0.7141
4452.000       0.6219
4471.000       0.6705
4486.000       0.6777
4502.000       0.7319
4513.000       0.8174
4535.000       0.8234
4541.000       0.9180
4552.000       0.7369
4571.000       0.7055
4590.000       0.6895
4610.000       0.7250
4616.000       0.7169
4628.000       0.6320
4645.000       0.5094
4657.000       0.5673
4667.000       0.5217
4681.000       0.5053
4702.000       0.5164
4722.000       0.5194
4729.000       0.5361
4739.000       0.5508
4759.000       0.5858
4781.000       0.6988
4797.000       0.7745
4821.000       0.8384
4833.000       1.0983
4852.000       1.9230
4875.000       5.2028
4881.000       4.1412
4903.000       2.8652
4924.000       3.1224
4943.000       3.3246
4960.000       4.0346
4981.000       4.2454
4993.000       5.6991
5008.000       6.5066
5023.000       6.9059
5037.000       7.6403
5048.000       6.6824
5065.000       6.2227
5082.000       5.3648
5101.000       4.1162
5120.000       3.2191
5130.000       2.7048
5142.000       2.2257
5164.000       1.9739
5182.000       1.9607
5196.000       1.7266
5202.000       1.5684
5209.000       1.5465
5223.000       1.5259
5244.000       1.7702
5263.000       2.0597
5285.000       2.4460
5302.000       2.7711
5319.000       3.0490
5329.000       3.3345
5343.000       4.0934
5353.000       4.2295
5375.000       3.7528
5399.000       3.1895
5421.000       2.4588
5435.000       2.2069
5451.000       1.9092
5461.000       1.7462
5479.000       1.6063
5485.000       1.4043
5503.000       1.4775
5509.000       1.5573
5521.000       1.3201
5538.000       1.1910
5559.000       1.2373
5580.000       1.3488
5594.000       1.5349
5606.000       1.8413
5617.000       2.0191
5641.000       1.9218
5658.000       2.0009
5672.000       1.7282
5683.000       1.6507
5695.000       1.4075
5710.000       1.2103
5720.000       1.1034
5739.000       1.0537
5760.000       1.1260
5770.000       1.1293
5789.000       1.2303
5795.000       1.2645
5811.000       1.2362
5821.000       1.2369
5843.000       1.4484
5858.000       1.3374
5877.000       1.3393
5894.000       1.5557
5915.000       1.5317
5931.000       1.6402
5953.000       1.6172
5970.000       1.5506
5985.000       1.4060
5995.000       1.5419
6009.000       1.4726
6033.000       1.5458
6047.000       1.4695
6064.000       1.2933
6078.000       1.3230
6102.000       1.3523
6118.000       1.3147
6128.000       1.3901
6143.000       1.3463
6153.000       1.5680
6175.000       1.8008
6190.000       1.7654
6197.000       1.4463
6221.000       1.3608
6242.000       1.2080
6261.000       1.1956
6276.000       0.9977
6295.000       0.9369
6310.000       0.9892
6330.000       1.1185
6340.000       1.2069
6359.000       1.4885
6381.000       1.6867
6398.000       1.9522
6422.000       2.5281
6433.000       2.9894
6451.000       3.5027
6465.000       3.9812
6471.000       4.1303
6478.000       3.6511
6498.000       3.4244
6505.000       2.9903
6521.000       3.0951
6537.000       2.7080
6554.000       2.4453
6564.000       2.0031
6571.000       1.8873
6593.000       1.5610
6599.000       1.5831
6614.000       1.7582
6638.000       1.7649
6652.000       2.1206
6666.000       2.5383
6682.000       2.9566
6692.000       3.4847
6714.000       3.9485
6738.000       4.2333
6756.000       4.6924
6762.000       5.2820
6774.000       5.4056
6781.000       4.8640
6801.000       4.6548
6821.000       4.2448
6832.000       4.5532
6846.000       4.1272
6861.000       3.5321
6875.000       3.2485
6886.000       2.8078
6897.000       2.9558
6919.000       3.4652
6937.000       3.6515
6943.000       4.1000
6953.000       4.6940
6977.000       5.1583
6999.000       5.5555
7016.000       6.1028
7030.000       6.5594
7044.000       7.1303
7054.000       7.6769
7065.000       7.7089
7081.000       7.9153
7101.000       8.4455
7108.000       8.1111
7127.000       8.1722
7146.000       7.5599
7165.000       7.7146
7179.000       7.0912
7196.000       6.5468
7218.000       5.9077
7225.000       5.4480
7239.000       4.8218
7249.000       4.8476
7263.000       5.4037
7280.000       5.7061
7292.000       6.3067
7306.000       6.8733
7325.000       7.4443
7335.000       8.1920
7346.000       8.9005
7363.000       9.4510
7380.000       9.7313
7400.000       1.0240
7410.000       0.5497
7435.000       0.3802
7441.000       0.3532
7461.000       0.3519
7471.000       0.3360
7488.000       0.3361
7507.000       0.4050
7521.000       0.6274
7540.000       0.6776
7554.000       1.0550
7564.000       1.3209
7578.000       1.0302
7590.000       0.9555
7617.000       0.9119
7623.000       1.4723
7634.000       1.4888
7641.000       1.2918
7652.000       1.2526
7669.000       0.9834
7691.000       0.5570
7707.000       0.5486
7718.000       0.5171
7737.000       0.7983
7748.000       0.9223
7759.000       0.4941
7783.000       0.5042
7804.000       0.5767
7821.000       0.7578
7833.000       0.8412
7857.000       0.8913
7864.000       0.6457
7888.000       0.4052
7898.000       0.3893
7920.000       0.4054
7939.000       0.4611
7950.000       0.5133
7964.000       0.4228
7981.000       0.4945
7995.000       0.5091
8015.000       0.5862
8026.000       0.9524
8040.000       0.8429
8047.000       0.5435
8069.000       0.4155
8088.000       0.4313
8107.000       0.4256
8123.000       0.4858
8137.000       0.5332
8154.000       0.4756
8166.000       0.4614
8173.000       0.3833
8193.000       0.3525
8214.000       0.3205
8235.000       0.3474
8254.000       0.4216
8275.000       0.3834
8285.000       0.3702
8299.000       0.4174
8318.000       0.3718
8329.000       0.3459
8349.000       0.3903
8373.000       0.4300
8390.000       0.5669
8407.000       1.0213
8422.000       1.4829
8436.000       1.8000
8447.000       1.9010
8454.000       1.5910
8466.000       0.9531
8485.000       1.2567
8495.000       0.9010
8509.000       0.6393
8524.000       0.5501
8545.000       0.4672
8564.000       0.4584
8581.000       0.3823
8600.000       0.5471
8617.000       0.5240
8633.000       0.4632
8654.000       0.4472
8670.000       0.5042
8684.000       0.4518
8706.000       0.6089
8720.000       1.1759
8731.000       2.0900
8750.000       2.3866
8772.000       2.1280
8799.000       2.1653
8805.000       1.5791
8816.000       0.9587
8827.000       0.6938
8844.000       0.4848
8858.000       0.4411
8877.000       0.4047
8894.000       0.4555
8916.000       0.4614
8923.000       0.4480
8930.000       0.4239
8941.000       0.4541
8955.000       0.4485
8977.000       0.5100
8998.000       0.4681
9022.000       0.8412
9033.000       1.0281
9040.000       1.1367
9054.000       0.7943
9065.000       0.7686
9080.000       0.5472
9100.000       0.3918
9117.000       0.3733
9137.000       0.3404
9158.000       0.3554
9169.000       0.4713
9188.000       0.3819
9202.000       0.3967
9218.000       0.4159
9225.000       0.3865
9232.000       0.3728
9252.000       0.3968
9272.000       0.4581
9294.000       0.4659
9313.000       0.5016
9337.000       0.5077
9348.000       0.5975
9355.000       0.4545
9370.000       0.4741
9385.000       0.4369
9404.000       0.5352
9415.000       0.4203
9434.000       0.4208
9449.000       0.3931
9465.000       0.4117
9476.000       0.4834
9498.000       0.5073
9504.000       0.5188
9515.000       0.3896
9534.000       0.4154
9553.000       0.4033
9573.000       0.6428
9579.000       0.5374
9591.000       0.5256
9608.000       0.4973
9620.000       0.4465
9630.000       0.3601
9644.000       0.3388
9665.000       0.3429
9685.000       0.4159
9692.000       0.3358
9702.000       0.3216
9722.000       0.3279
9744.000       0.4498
9760.000       0.4608
9784.000       0.5565
9796.000       0.8211
9815.000       1.6093
