 
    1   122.570000    
           2   94.4499969    
           3   65.5899963    
           4   63.3600006    
           5   61.4300003    
           6   47.1399994    
           7   48.0400009    
           8   41.8100014    
           9   52.3499985    
          10   50.2099991    
          11   54.0000000    
          12   55.2500000    
          13   83.2799988    
          14   74.8399963    
          15   55.2099991    
          16   96.9899979    
          17   95.6900024    
          18   93.6600037    
          19   64.1500015    
          20   61.6100006    
          21   55.1399994    
          22   47.0200005    
          23   41.1300011    
          24   55.2299995    
          25   53.4000015    
          26   47.8400002    
          27   47.0699997    
          28   48.0999985    
          29   63.6399994    
          30   48.1500015    
          31   50.1100006    
          32   45.3600006    
          33   45.7200012    
          34   52.1599998    
          35   63.4900017    
          36   62.2000008    
          37   74.9700012    
          38   68.6299973    
          39   76.5800018    
          40   63.2700005    
          41   65.0299988    
          42   68.4300003    
          43   61.2999992    
          44   68.4700012    
          45   47.6100006    
          46   64.7699966    
          47   67.5899963    
          48   68.1100006    
          49   80.3499985    
          50   71.8700027    
          51   58.7900009    
          52   63.1599998    
          53   40.6699982    
          54   56.6300011    
          55   50.4300003    
          56   45.0200005    
          57   45.3600006    
          58   33.3600006    
          59   35.9900017    
          60   40.6500015    
          61   39.9099998    
          62   47.5299988    
          63   45.2999992    
          64   54.8100014    
          65   63.9399986    
          66   94.8899994    
          67   104.949997    
          68   111.050003    
          69   101.750000    
          70   103.470001    
          71   111.339996    
          72   92.8499985    
          73   73.6500015    
          74   58.9900017    
          75   46.9900017    
          76   38.7999992    
          77   35.7999992    
          78   40.4399986    
          79   44.2099991    
          80   35.2200012    
          81   41.6500015    
          82   55.6800003    
          83   50.1500015    
          84   75.7600021    
          85   104.300003    
          86   128.740005    
          87   117.900002    
          88   126.620003    
          89   135.550003    
          90   129.270004    
          91   93.5100021    
          92   56.7700005    
          93   50.4599991    
          94   55.2000008    
          95   45.7200012    
          96   40.6599998    
          97   35.0000000    
          98   37.4300003    
          99   36.4099998    
         100   37.9500008    
         101   36.7900009    
         102   44.5000000    
         103   51.5200005    
         104   68.2699966    
         105   77.8000031    
         106   62.7599983    
         107   55.6399994    
         108   53.7500000    
         109   52.3400002    
         110   32.9700012    
         111   37.1800003    
         112   34.9700012    
         113   32.8400002    
         114   40.9500008    
         115   37.7900009    
         116   37.7400017    
         117   40.6300011    
         118   42.0299988    
         119   50.2400017    
         120   48.4700012    
         121   52.6800003    
         122   60.9700012    
         123   64.0100021    
         124   62.9799995    
         125   75.2600021    
         126   73.7900009    
         127   65.2300034    
         128   52.5299988    
         129   52.8300018    
         130   37.0299988    
         131   51.1800003    
         132   39.1699982    
         133   42.6300011    
         134   45.0600014    
         135   38.9300003    
         136   52.3800011    
         137   46.4099998    
         138   41.6199989    
         139   43.2999992    
         140   43.4199982    
         141   38.6800003    
         142   47.0800018    
         143   44.5200005    
         144   47.9599991    
         145   40.0800018    
         146   46.7799988    
         147   44.5200005    
         148   49.1699982    
         149   44.5099983    
         150   47.4000015    
         151   60.6300011    
         152   59.7400017    
         153   79.7500000    
         154   83.5299988    
         155   96.7500000    
         156   147.440002     
    1   122.570000    
           2   94.4499969    
           3   65.5899963    
           4   63.3600006    
           5   61.4300003    
           6   47.1399994    
           7   48.0400009    
           8   41.8100014    
           9   52.3499985    
          10   50.2099991    
          11   54.0000000    
          12   55.2500000    
          13   83.2799988    
          14   74.8399963    
          15   55.2099991    
          16   96.9899979    
          17   95.6900024    
          18   93.6600037    
          19   64.1500015    
          20   61.6100006    
          21   55.1399994    
          22   47.0200005    
          23   41.1300011    
          24   55.2299995    
          25   53.4000015    
          26   47.8400002    
          27   47.0699997    
          28   48.0999985    
          29   63.6399994    
          30   48.1500015    
          31   50.1100006    
          32   45.3600006    
          33   45.7200012    
          34   52.1599998    
          35   63.4900017    
          36   62.2000008    
          37   74.9700012    
          38   68.6299973    
          39   76.5800018    
          40   63.2700005    
          41   65.0299988    
          42   68.4300003    
          43   61.2999992    
          44   68.4700012    
          45   47.6100006    
          46   64.7699966    
          47   67.5899963    
          48   68.1100006    
          49   80.3499985    
          50   71.8700027    
          51   58.7900009    
          52   63.1599998    
          53   40.6699982    
          54   56.6300011    
          55   50.4300003    
          56   45.0200005    
          57   45.3600006    
          58   33.3600006    
          59   35.9900017    
          60   40.6500015    
          61   39.9099998    
          62   47.5299988    
          63   45.2999992    
          64   54.8100014    
          65   63.9399986    
          66   94.8899994    
          67   104.949997    
          68   111.050003    
          69   101.750000    
          70   103.470001    
          71   111.339996    
          72   92.8499985    
          73   73.6500015    
          74   58.9900017    
          75   46.9900017    
          76   38.7999992    
          77   35.7999992    
          78   40.4399986    
          79   44.2099991    
          80   35.2200012    
          81   41.6500015    
          82   55.6800003    
          83   50.1500015    
          84   75.7600021    
          85   104.300003    
          86   128.740005    
          87   117.900002    
          88   126.620003    
          89   135.550003    
          90   129.270004    
          91   93.5100021    
          92   56.7700005    
          93   50.4599991    
          94   55.2000008    
          95   45.7200012    
          96   40.6599998    
          97   35.0000000    
          98   37.4300003    
          99   36.4099998    
         100   37.9500008    
         101   36.7900009    
         102   44.5000000    
         103   51.5200005    
         104   68.2699966    
         105   77.8000031    
         106   62.7599983    
         107   55.6399994    
         108   53.7500000    
         109   52.3400002    
         110   32.9700012    
         111   37.1800003    
         112   34.9700012    
         113   32.8400002    
         114   40.9500008    
         115   37.7900009    
         116   37.7400017    
         117   40.6300011    
         118   42.0299988    
         119   50.2400017    
         120   48.4700012    
         121   52.6800003    
         122   60.9700012    
         123   64.0100021    
         124   62.9799995    
         125   75.2600021    
         126   73.7900009    
         127   65.2300034    
         128   52.5299988    
         129   52.8300018    
         130   37.0299988    
         131   51.1800003    
         132   39.1699982    
         133   42.6300011    
         134   45.0600014    
         135   38.9300003    
         136   52.3800011    
         137   46.4099998    
         138   41.6199989    
         139   43.2999992    
         140   43.4199982    
         141   38.6800003    
         142   47.0800018    
         143   44.5200005    
         144   47.9599991    
         145   40.0800018    
         146   46.7799988    
         147   44.5200005    
         148   49.1699982    
         149   44.5099983    
         150   47.4000015    
         151   60.6300011    
         152   59.7400017    
         153   79.7500000    
         154   83.5299988    
         155   96.7500000    
         156   147.440002    
         157   121.110001    
         158   98.5199966    
         159   115.809998    
         160   112.720001    
         161   112.330002    
         162   138.679993    
         163   130.470001    
         164   143.440002    
         165   148.240005    
         166   152.350006    
         167   144.130005    
         168   146.320007    
         169   135.759995    
         170   115.279999    
         171   98.0299988    
         172   93.6900024    
         173   88.0800018    
         174   95.8799973    
         175   67.0899963    
         176   72.4100037    
         177   72.7500000    
         178   65.0500031    
         179   70.2300034    
         180   65.8199997    
         181   71.7799988    
         182   104.820000    
         183   111.410004    
         184   111.489998    
         185   108.010002    
         186   114.370003    
         187   124.529999    
         188   129.419998    
         189   109.059998    
         190   109.099998    
         191   89.9599991    
         192   98.5000000    
         193   77.0100021    
         194   80.2500000    
         195   80.0299988    
         196   70.6299973    
         197   67.8199997    
         198   90.6800003    
         199   70.4800034    
         200   81.7799988    
         201   71.7699966    
         202   56.4900017    
         203   84.0400009    
         204   100.349998    
         205   87.3899994    
         206   69.4199982    
         207   85.0599976    
         208   77.6500015    
         209   74.7399979    
         210   85.5500031    
         211   64.7500000    
         212   63.0499992    
         213   61.9599991    
         214   74.2900009    
         215   66.3499985    
         216   65.5699997    
         217   64.1200027    
         218   68.1299973    
         219   69.1900024    
         220   63.2700005    
         221   62.9900017    
         222   61.0699997    
         223   63.6199989    
         224   57.8499985    
         225   78.9899979    
         226   73.2799988    
         227   75.6600037    
         228   66.3499985    
         229   81.0299988    
         230   74.1200027    
         231   86.1299973    
         232   85.6500015    
         233   77.0299988    
         234   61.2900009    
         235   67.5199966    
         236   63.1699982    
         237   77.4899979    
         238   70.0199966    
         239   66.5500031    
         240   73.0699997    
         241   59.6399994    
         242   65.8799973    
         243   53.7400017    
         244   48.2599983    
         245   57.4199982    
         246   50.5999985    
         247   47.2299995    
         248   52.3100014    
         249   52.8800011    
         250   56.8600006    
         251   74.0599976    
         252   63.5200005    
         253   82.5400009    
         254   99.6500015    
         255   100.980003    
         256   105.550003    
         257   111.089996    
         258   105.400002    
         259   86.7799988    
         260   72.8600006    
         261   81.5599976    
         262   93.1399994    
         263   91.8499985    
         264   77.2200012    
         265   69.2200012    
         266   63.9399986    
         267   70.0299988    
         268   64.5199966    
         269   61.9599991    
         270   61.4700012    
         271   87.2200012    
         272   90.3600006    
         273   86.9599991    
         274   102.849998    
         275   100.029999    
         276   112.699997    
         277   111.160004    
         278   119.419998    
         279   106.540001    
         280   98.4300003    
         281   94.6699982    
         282   101.050003    
         283   110.089996    
         284   115.220001    
         285   104.389999    
         286   95.1100006    
         287   81.7699966    
         288   81.9499969    
         289   83.7399979    
         290   99.3300018    
         291   91.3399963    
         292   105.629997    
         293   104.830002    
         294   93.6900024    
         295   107.959999    
         296   122.790001    
         297   117.300003    
         298   148.750000    
         299   142.899994    
         300   148.369995    
         301   140.690002    
         302   129.979996    
         303   108.809998    
         304   110.180000    
         305   131.389999    
         306   132.779999    
         307   130.100006    
         308   120.000000    
         309   130.550003    
         310   118.019997    
         311   113.849998    
         312   110.680000    
         313   105.449997    
         314   113.370003    
         315   126.589996    
         316   124.239998    
         317   138.029999    
         318   143.949997    
         319   138.309998    
         320   142.039993    
    1   122.570000    
           2   94.4499969    
           3   65.5899963    
           4   63.3600006    
           5   61.4300003    
           6   47.1399994    
           7   48.0400009    
           8   41.8100014    
           9   52.3499985    
          10   50.2099991    
          11   54.0000000    
          12   55.2500000    
          13   83.2799988    
          14   74.8399963    
          15   55.2099991    
          16   96.9899979    
          17   95.6900024    
          18   93.6600037    
          19   64.1500015    
          20   61.6100006    
          21   55.1399994    
          22   47.0200005    
          23   41.1300011    
          24   55.2299995    
          25   53.4000015    
          26   47.8400002    
          27   47.0699997    
          28   48.0999985    
          29   63.6399994    
          30   48.1500015    
          31   50.1100006    
          32   45.3600006    
          33   45.7200012    
          34   52.1599998    
          35   63.4900017    
          36   62.2000008    
          37   74.9700012    
          38   68.6299973    
          39   76.5800018    
          40   63.2700005    
          41   65.0299988    
          42   68.4300003    
          43   61.2999992    
          44   68.4700012    
          45   47.6100006    
          46   64.7699966    
          47   67.5899963    
          48   68.1100006    
          49   80.3499985    
          50   71.8700027    
          51   58.7900009    
          52   63.1599998    
          53   40.6699982    
          54   56.6300011    
          55   50.4300003    
          56   45.0200005    
          57   45.3600006    
          58   33.3600006    
          59   35.9900017    
          60   40.6500015    
          61   39.9099998    
          62   47.5299988    
          63   45.2999992    
          64   54.8100014    
          65   63.9399986    
          66   94.8899994    
          67   104.949997    
          68   111.050003    
          69   101.750000    
          70   103.470001    
          71   111.339996    
          72   92.8499985    
          73   73.6500015    
          74   58.9900017    
          75   46.9900017    
          76   38.7999992    
          77   35.7999992    
          78   40.4399986    
          79   44.2099991    
          80   35.2200012    
          81   41.6500015    
          82   55.6800003    
          83   50.1500015    
          84   75.7600021    
          85   104.300003    
          86   128.740005    
          87   117.900002    
          88   126.620003    
          89   135.550003    
          90   129.270004    
          91   93.5100021    
          92   56.7700005    
          93   50.4599991    
          94   55.2000008    
          95   45.7200012    
          96   40.6599998    
          97   35.0000000    
          98   37.4300003    
          99   36.4099998    
         100   37.9500008    
         101   36.7900009    
         102   44.5000000    
         103   51.5200005    
         104   68.2699966    
         105   77.8000031    
         106   62.7599983    
         107   55.6399994    
         108   53.7500000    
         109   52.3400002    
         110   32.9700012    
         111   37.1800003    
         112   34.9700012    
         113   32.8400002    
         114   40.9500008    
         115   37.7900009    
         116   37.7400017    
         117   40.6300011    
         118   42.0299988    
         119   50.2400017    
         120   48.4700012    
         121   52.6800003    
         122   60.9700012    
         123   64.0100021    
         124   62.9799995    
         125   75.2600021    
         126   73.7900009    
         127   65.2300034    
         128   52.5299988    
         129   52.8300018    
         130   37.0299988    
         131   51.1800003    
         132   39.1699982    
         133   42.6300011    
         134   45.0600014    
         135   38.9300003    
         136   52.3800011    
         137   46.4099998    
         138   41.6199989    
         139   43.2999992    
         140   43.4199982    
         141   38.6800003    
         142   47.0800018    
         143   44.5200005    
         144   47.9599991    
         145   40.0800018    
         146   46.7799988    
         147   44.5200005    
         148   49.1699982    
         149   44.5099983    
         150   47.4000015    
         151   60.6300011    
         152   59.7400017    
         153   79.7500000    
         154   83.5299988    
         155   96.7500000    
         156   147.440002    
         157   121.110001    
         158   98.5199966    
         159   115.809998    
         160   112.720001    
         161   112.330002    
         162   138.679993    
         163   130.470001    
         164   143.440002    
         165   148.240005    
         166   152.350006    
         167   144.130005    
         168   146.320007    
         169   135.759995    
         170   115.279999    
         171   98.0299988    
         172   93.6900024    
         173   88.0800018    
         174   95.8799973    
         175   67.0899963    
         176   72.4100037    
         177   72.7500000    
         178   65.0500031    
         179   70.2300034    
         180   65.8199997    
         181   71.7799988    
         182   104.820000    
         183   111.410004    
         184   111.489998    
         185   108.010002    
         186   114.370003    
         187   124.529999    
         188   129.419998    
         189   109.059998    
         190   109.099998    
         191   89.9599991    
         192   98.5000000    
         193   77.0100021    
         194   80.2500000    
         195   80.0299988    
         196   70.6299973    
         197   67.8199997    
         198   90.6800003    
         199   70.4800034    
         200   81.7799988    
         201   71.7699966    
         202   56.4900017    
         203   84.0400009    
         204   100.349998    
         205   87.3899994    
         206   69.4199982    
         207   85.0599976    
         208   77.6500015    
         209   74.7399979    
         210   85.5500031    
         211   64.7500000    
         212   63.0499992    
         213   61.9599991    
         214   74.2900009    
         215   66.3499985    
         216   65.5699997    
         217   64.1200027    
         218   68.1299973    
         219   69.1900024    
         220   63.2700005    
         221   62.9900017    
         222   61.0699997    
         223   63.6199989    
         224   57.8499985    
         225   78.9899979    
         226   73.2799988    
         227   75.6600037    
         228   66.3499985    
         229   81.0299988    
         230   74.1200027    
         231   86.1299973    
         232   85.6500015    
         233   77.0299988    
         234   61.2900009    
         235   67.5199966    
         236   63.1699982    
         237   77.4899979    
         238   70.0199966    
         239   66.5500031    
         240   73.0699997    
         241   59.6399994    
         242   65.8799973    
         243   53.7400017    
         244   48.2599983    
         245   57.4199982    
         246   50.5999985    
         247   47.2299995    
         248   52.3100014    
         249   52.8800011    
         250   56.8600006    
         251   74.0599976    
         252   63.5200005    
         253   82.5400009    
         254   99.6500015    
         255   100.980003    
         256   105.550003    
         257   111.089996    
         258   105.400002    
         259   86.7799988    
         260   72.8600006    
         261   81.5599976    
         262   93.1399994    
         263   91.8499985    
         264   77.2200012    
         265   69.2200012    
         266   63.9399986    
         267   70.0299988    
         268   64.5199966    
         269   61.9599991    
         270   61.4700012    
         271   87.2200012    
         272   90.3600006    
         273   86.9599991    
         274   102.849998    
         275   100.029999    
         276   112.699997    
         277   111.160004    
         278   119.419998    
         279   106.540001    
         280   98.4300003    
         281   94.6699982    
         282   101.050003    
         283   110.089996    
         284   115.220001    
         285   104.389999    
         286   95.1100006    
         287   81.7699966    
         288   81.9499969    
         289   83.7399979    
         290   99.3300018    
         291   91.3399963    
         292   105.629997    
         293   104.830002    
         294   93.6900024    
         295   107.959999    
         296   122.790001    
         297   117.300003    
         298   148.750000    
         299   142.899994    
         300   148.369995    
         301   140.690002    
         302   129.979996    
         303   108.809998    
         304   110.180000    
         305   131.389999    
         306   132.779999    
         307   130.100006    
         308   120.000000    
         309   130.550003    
         310   118.019997    
         311   113.849998    
         312   110.680000    
         313   105.449997    
         314   113.370003    
         315   126.589996    
         316   124.239998    
         317   138.029999    
         318   143.949997    
         319   138.309998    
         320   142.039993    
