
  conformation  2                                                               

iqopt   irstrnt  ihfree     qwt
  1      1      1        0.000500

 rel.rms   dipole mom       Qxx      Qyy      Qzz
    0.08533   0.00000   0.00000   0.00000   0.00000

          Point charges before & after optimization
    NO   At.No.    q0           q(opt)   IVARY  d(rstr)/dq 
     1     6   0.000000      -0.404144    0    0.001201
     2     6   0.000000       0.642818    0    0.000769
     3     6   0.000000      -0.359590    0    0.001340
     4     6   0.000000      -0.040865    0    0.004629
     5     6   0.000000      -0.305524    0    0.001555
     6     6   0.000000      -0.003436    0    0.004997
     7     1   0.000000       0.170610    0    0.000000
     8     1   0.000000       0.139100    0    0.000000
     9     1   0.000000       0.159409    0    0.000000
    10     1   0.000000       0.143140    0    0.000000
    11     7   0.000000      -1.096895    0    0.000454
    12     1   0.000000       0.450677    0    0.000000
    13     1   0.000000       0.478747    0    0.000000
    14     6   0.000000       0.568128    0    0.000867
    15     6   0.000000      -0.218272    0    0.002082
    16     1   0.000000       0.095951    0    0.000000
    17     1   0.000000       0.077812    0    0.000000
    18     6   0.000000      -0.028745    0    0.004805
    19     1   0.000000       0.065597    0    0.000000
    20     6   0.000000       0.924426    0    0.000538
    21     7   0.000000      -0.422343    0    0.001152
    22     1   0.000000       0.308103    0    0.000000
    23     8   0.000000      -0.455959    0    0.001071
    24     8   0.000000      -0.616084    0    0.000801
    25     8   0.000000      -0.462901    0    0.001056
    26     6   0.000000       0.584394    0    0.000843
    27     6   0.000000       0.480038    0    0.001020
    28     8   0.000000      -0.452240    0    0.001080
    29     8   0.000000      -0.338386    0    0.001417
    30     6   0.000000       0.110758    0    0.003351
    31     1   0.000000       0.109614    0    0.000000
    32     1   0.000000       0.190178    0    0.000000
    33     1   0.000000      -0.338475    0    0.000000
    34     6   0.000000       0.116028    0    0.003264
    35     1   0.000000       0.175759    0    0.000000
    36     1   0.000000       0.079505    0    0.000000
    37     1   0.000000      -0.526936    0    0.000000
    38     6   0.000000      -0.388011    0    0.001248
    39     6   0.000000       0.565339    0    0.000871
    40     6   0.000000      -0.285223    0    0.001654
    41     6   0.000000      -0.100040    0    0.003535
    42     6   0.000000      -0.255200    0    0.001824
    43     6   0.000000      -0.016964    0    0.004930
    44     1   0.000000       0.176777    0    0.000000
    45     1   0.000000       0.141102    0    0.000000
    46     1   0.000000       0.151584    0    0.000000
    47     1   0.000000       0.141460    0    0.000000
    48     7   0.000000      -0.985259    0    0.000505
    49     1   0.000000       0.408733    0    0.000000
    50     1   0.000000       0.442081    0    0.000000
    51     6   0.000000       0.583266    0    0.000845
    52     6   0.000000      -0.203310    0    0.002207
    53     1   0.000000       0.072647    0    0.000000
    54     1   0.000000       0.115384    0    0.000000
    55     6   0.000000       0.068787    0    0.004119
    56     1   0.000000       0.125867    0    0.000000
    57     6   0.000000       0.860859    0    0.000577
    58     7   0.000000      -0.738937    0    0.000671
    59     1   0.000000       0.358481    0    0.000000
    60     8   0.000000      -0.602539    0    0.000819
    61     8   0.000000      -0.547794    0    0.000898
    62     8   0.000000      -0.544451    0    0.000903
    63     6   0.000000       0.872441    0    0.000569
    64     6   0.000000       0.932825    0    0.000533
    65     8   0.000000      -0.626410    0    0.000788
    66     8   0.000000      -0.562148    0    0.000876
    67     6   0.000000      -0.519689    0    0.000945
    68     1   0.000000       0.157911    0    0.000000
    69     1   0.000000       0.137005    0    0.000000
    70     1   0.000000       0.160785    0    0.000000
    71     6   0.000000      -0.547493    0    0.000898
    72     1   0.000000       0.139686    0    0.000000
    73     1   0.000000       0.154898    0    0.000000
    74     1   0.000000       0.155553    0    0.000000

        Statistics of the fitting:
  The initial sum of squares (ssvpot)                      7.966
  The residual sum of squares (chipot)                     0.058
  The std err of estimate (sqrt(chipot/N))               0.00241
  ESP relative RMS (SQRT(chipot/ssvpot))                 0.08533
