 -0.404144  0.642818 -0.359590 -0.040865 -0.305524 -0.003436  0.170610  0.139100
  0.159409  0.143140 -1.096895  0.450677  0.478747  0.568128 -0.218272  0.095951
  0.077812 -0.028745  0.065597  0.924426 -0.422343  0.308103 -0.455959 -0.616084
 -0.462901  0.584394  0.480038 -0.452240 -0.338386  0.110758  0.109614  0.190178
 -0.338475  0.116028  0.175759  0.079505 -0.526936 -0.388011  0.565339 -0.285223
 -0.100040 -0.255200 -0.016964  0.176777  0.141102  0.151584  0.141460 -0.985259
  0.408733  0.442081  0.583266 -0.203310  0.072647  0.115384  0.068787  0.125867
  0.860859 -0.738937  0.358481 -0.602539 -0.547794 -0.544451  0.872441  0.932825
 -0.626410 -0.562148 -0.519689  0.157911  0.137005  0.160785 -0.547493  0.139686
  0.154898  0.155553
