
Resp charges for organic molecule                                               

iqopt   irstrnt  ihfree     qwt
  2      1      1        0.001000

 rel.rms   dipole mom       Qxx      Qyy      Qzz
    0.08731   2.87575  -5.85962  19.28504 -13.42541

          Point charges before & after optimization
    NO   At.No.    q0           q(opt)   IVARY  d(rstr)/dq 
     1     6  -0.385473      -0.385473  -99    0.002511
     2     6   0.587053       0.587053  -99    0.001679
     3     6  -0.350912      -0.350912  -99    0.002741
     4     6  -0.045546      -0.045546  -99    0.009101
     5     6  -0.304712      -0.304712  -99    0.003118
     6     6  -0.000135      -0.000135  -99    0.010000
     7     1   0.165439       0.165439  -99    0.000000
     8     1   0.136805       0.136805  -99    0.000000
     9     1   0.162680       0.162680  -99    0.000000
    10     1   0.143353       0.143353  -99    0.000000
    11     7  -1.040172      -1.040172  -99    0.000957
    12     1   0.446511       0.446511  -99    0.000000
    13     1   0.446511       0.446511  -99    0.000000
    14     6   0.666950       0.666950  -99    0.001483
    15     6  -0.326110      -0.350299    0    0.002745
    16     1   0.101377       0.111744    0    0.000000
    17     1   0.107754       0.111744   16    0.000000
    18     6   0.040313       0.040313  -99    0.009275
    19     1   0.136743       0.136743  -99    0.000000
    20     6   0.956685       0.956685  -99    0.001040
    21     7  -0.661883      -0.661883  -99    0.001494
    22     1   0.363364       0.363364  -99    0.000000
    23     8  -0.582909      -0.582909  -99    0.001691
    24     8  -0.542685      -0.542685  -99    0.001812
    25     6   0.918963       0.918963  -99    0.001082
    26     6   0.821077       0.821077  -99    0.001209
    27     8  -0.612386      -0.612386  -99    0.001612
    28     6  -0.543073      -0.581781    0    0.001694
    29     1   0.141296       0.169850    0    0.000000
    30     1   0.138882       0.169850   29    0.000000
    31     1   0.195410       0.169850   29    0.000000
    32     6  -0.446393      -0.335489    0    0.002857
    33     1   0.134464       0.095297    0    0.000000
    34     1   0.107583       0.095297   33    0.000000
    35     1   0.140169       0.095297   33    0.000000
    36     8  -0.629148      -0.629148  -99    0.001570
    37     7  -0.994737      -0.994737  -99    0.001000
    38     1   0.406891       0.406891  -99    0.000000

        Statistics of the fitting:
  The initial sum of squares (ssvpot)                      3.412
  The residual sum of squares (chipot)                     0.026
  The std err of estimate (sqrt(chipot/N))               0.00163
  ESP relative RMS (SQRT(chipot/ssvpot))                 0.08731

 Dipole Moment (Debye)=   2.87575
