 run#1
  &cntrl
 nmol =  4,
 ihfree=1,
 qwt=0.0005
 iqopt=2,
  /
 1.0
  conformation  1
       8    0
       6    0
       6    0
       8    0
       6    0
       6    0
       1    0
       1    0
       1    0
       1    0
       1    0
       1    0
       1    0
       1    0
       1    0
       1    0
 
 1.0
  conformation  2
       8    0
       6    0
       6    0
       8    0
       6    0
       6    0
       1    0
       1    0
       1    0
       1    0
       1    0
       1    0
       1    0
       1    0
       1    0
       1    0
 
 1.0
  conformation  3
       8    0
       6    0
       6    0
       8    0
       6    0
       6    0
       1    0
       1    0
       1    0
       1    0
       1    0
       1    0
       1    0
       1    0
       1    0
       1    0
 
 1.0
  conformation  4
       8    0
       6    0
       6    0
       8    0
       6    0
       6    0
       1    0
       1    0
       1    0
       1    0
       1    0
       1    0
       1    0
       1    0
       1    0
       1    0
 
     4
     1     1     2     1     3     1     4     1 
     4
     1     2     2     2     3     2     4     2 
     4
     1     3     2     3     3     3     4     3 
     4
     1     4     2     4     3     4     4     4 
     4
     1     5     2     5     3     5     4     5 
     4
     1     6     2     6     3     6     4     6 
     4
     1     7     2     7     3     7     4     7 
     4
     1     8     2     8     3     8     4     8 
     4
     1     9     2     9     3     9     4     9 
     4
     1    10     2    10     3    10     4    10 
     4
     1    11     2    11     3    11     4    11 
     4
     1    12     2    12     3    12     4    12 
     4
     1    13     2    13     3    13     4    13 
     4
     1    14     2    14     3    14     4    14 
     4
     1    15     2    15     3    15     4    15 
     4
     1    16     2    16     3    16     4    16 
